0.000000000000000000e+00
0.000000000000000000e+00
1.000000000000000000e+00
0.000000000000000000e+00
2.178000000000000000e+03
9.750000000000000000e+02
0.000000000000000000e+00
0.000000000000000000e+00
2.224200000000000000e+04
4.317000000000000000e+03
6.120000000000000000e+02
0.000000000000000000e+00
4.569000000000000000e+03
0.000000000000000000e+00
0.000000000000000000e+00
0.000000000000000000e+00
0.000000000000000000e+00
0.000000000000000000e+00
2.492000000000000000e+03
0.000000000000000000e+00
0.000000000000000000e+00
0.000000000000000000e+00
0.000000000000000000e+00
0.000000000000000000e+00
0.000000000000000000e+00
0.000000000000000000e+00
0.000000000000000000e+00
0.000000000000000000e+00
0.000000000000000000e+00
0.000000000000000000e+00
0.000000000000000000e+00
0.000000000000000000e+00
0.000000000000000000e+00
0.000000000000000000e+00
0.000000000000000000e+00
0.000000000000000000e+00
0.000000000000000000e+00
0.000000000000000000e+00
3.763000000000000000e+03
5.090000000000000000e+02
0.000000000000000000e+00
0.000000000000000000e+00
2.793000000000000000e+03
0.000000000000000000e+00
0.000000000000000000e+00
4.840000000000000000e+02
4.790000000000000000e+02
4.270000000000000000e+02
4.860000000000000000e+02
4.850000000000000000e+02
3.900000000000000000e+02
4.180000000000000000e+02
4.570000000000000000e+02
4.290000000000000000e+02
4.480000000000000000e+02
4.260000000000000000e+02
4.910000000000000000e+02
4.190000000000000000e+02
4.500000000000000000e+02
4.440000000000000000e+02
4.410000000000000000e+02
4.290000000000000000e+02
4.070000000000000000e+02
4.780000000000000000e+02
4.130000000000000000e+02
4.430000000000000000e+02
