5.691000000000000000e+03
0.000000000000000000e+00
0.000000000000000000e+00
0.000000000000000000e+00
5.030000000000000000e+03
0.000000000000000000e+00
0.000000000000000000e+00
0.000000000000000000e+00
2.247900000000000000e+04
0.000000000000000000e+00
1.597000000000000000e+03
0.000000000000000000e+00
4.078000000000000000e+03
0.000000000000000000e+00
0.000000000000000000e+00
1.605000000000000000e+03
6.069000000000000000e+03
3.413000000000000000e+03
0.000000000000000000e+00
0.000000000000000000e+00
0.000000000000000000e+00
1.418000000000000000e+03
0.000000000000000000e+00
1.385000000000000000e+03
2.040000000000000000e+03
0.000000000000000000e+00
0.000000000000000000e+00
0.000000000000000000e+00
0.000000000000000000e+00
1.847300000000000000e+04
1.816400000000000000e+04
1.353900000000000000e+04
0.000000000000000000e+00
0.000000000000000000e+00
0.000000000000000000e+00
4.836000000000000000e+03
0.000000000000000000e+00
8.064000000000000000e+03
0.000000000000000000e+00
0.000000000000000000e+00
1.732900000000000000e+04
0.000000000000000000e+00
0.000000000000000000e+00
2.426000000000000000e+03
1.389100000000000000e+04
3.237000000000000000e+03
4.057000000000000000e+03
1.237200000000000000e+04
4.490800000000000000e+04
0.000000000000000000e+00
0.000000000000000000e+00
0.000000000000000000e+00
0.000000000000000000e+00
9.040000000000000000e+03
3.337000000000000000e+03
0.000000000000000000e+00
0.000000000000000000e+00
3.443900000000000000e+04
0.000000000000000000e+00
0.000000000000000000e+00
9.620000000000000000e+02
2.409400000000000000e+04
7.275500000000000000e+04
4.712000000000000000e+03
0.000000000000000000e+00
9.482000000000000000e+03
3.724100000000000000e+04
9.374000000000000000e+03
1.261000000000000000e+03
0.000000000000000000e+00
1.712000000000000000e+03
0.000000000000000000e+00
1.558800000000000000e+04
0.000000000000000000e+00
0.000000000000000000e+00
3.345000000000000000e+03
2.736000000000000000e+03
0.000000000000000000e+00
0.000000000000000000e+00
2.832000000000000000e+03
0.000000000000000000e+00
0.000000000000000000e+00
0.000000000000000000e+00
0.000000000000000000e+00
0.000000000000000000e+00
4.048000000000000000e+03
1.480900000000000000e+04
0.000000000000000000e+00
0.000000000000000000e+00
1.118100000000000000e+04
0.000000000000000000e+00
5.017000000000000000e+03
1.224000000000000000e+03
5.693900000000000000e+04
0.000000000000000000e+00
0.000000000000000000e+00
3.222000000000000000e+03
3.791400000000000000e+04
1.035000000000000000e+03
0.000000000000000000e+00
0.000000000000000000e+00
2.772500000000000000e+04
1.124700000000000000e+04
0.000000000000000000e+00
0.000000000000000000e+00
1.117600000000000000e+04
0.000000000000000000e+00
1.497000000000000000e+03
0.000000000000000000e+00
0.000000000000000000e+00
0.000000000000000000e+00
2.221000000000000000e+03
3.081900000000000000e+04
8.700000000000000000e+04
9.786000000000000000e+03
8.986000000000000000e+04
0.000000000000000000e+00
6.656000000000000000e+03
0.000000000000000000e+00
0.000000000000000000e+00
1.553300000000000000e+04
0.000000000000000000e+00
9.495000000000000000e+03
8.429000000000000000e+03
6.522000000000000000e+03
4.688000000000000000e+03
7.019400000000000000e+04
4.500000000000000000e+03
2.774000000000000000e+03
0.000000000000000000e+00
3.576000000000000000e+03
0.000000000000000000e+00
1.041000000000000000e+04
0.000000000000000000e+00
3.234900000000000000e+04
0.000000000000000000e+00
4.591000000000000000e+03
7.893000000000000000e+03
3.013000000000000000e+03
0.000000000000000000e+00
0.000000000000000000e+00
7.478000000000000000e+03
2.397000000000000000e+03
1.974000000000000000e+03
0.000000000000000000e+00
2.211000000000000000e+03
0.000000000000000000e+00
2.021000000000000000e+03
0.000000000000000000e+00
0.000000000000000000e+00
0.000000000000000000e+00
0.000000000000000000e+00
1.486000000000000000e+03
0.000000000000000000e+00
7.353000000000000000e+03
2.758000000000000000e+03
0.000000000000000000e+00
0.000000000000000000e+00
0.000000000000000000e+00
0.000000000000000000e+00
0.000000000000000000e+00
2.086000000000000000e+03
0.000000000000000000e+00
0.000000000000000000e+00
0.000000000000000000e+00
0.000000000000000000e+00
0.000000000000000000e+00
0.000000000000000000e+00
0.000000000000000000e+00
9.422000000000000000e+03
0.000000000000000000e+00
0.000000000000000000e+00
0.000000000000000000e+00
6.650000000000000000e+02
6.690000000000000000e+02
6.590000000000000000e+02
7.350000000000000000e+02
6.870000000000000000e+02
6.980000000000000000e+02
6.770000000000000000e+02
7.010000000000000000e+02
6.660000000000000000e+02
6.820000000000000000e+02
6.780000000000000000e+02
7.030000000000000000e+02
7.020000000000000000e+02
7.180000000000000000e+02
6.490000000000000000e+02
6.710000000000000000e+02
6.600000000000000000e+02
6.800000000000000000e+02
6.920000000000000000e+02
7.200000000000000000e+02
