8.973000000000000000e+03
1.317700000000000000e+04
1.032800000000000000e+04
1.293700000000000000e+04
2.950000000000000000e+03
5.104000000000000000e+03
2.670000000000000000e+03
1.335300000000000000e+04
1.044100000000000000e+04
9.468000000000000000e+03
2.473900000000000000e+04
1.652400000000000000e+04
2.765000000000000000e+03
2.654500000000000000e+04
1.065400000000000000e+04
4.878000000000000000e+03
2.704900000000000000e+04
1.159200000000000000e+04
2.212500000000000000e+04
2.702000000000000000e+03
3.705000000000000000e+03
3.508000000000000000e+03
2.355400000000000000e+04
3.686000000000000000e+03
1.231200000000000000e+04
5.773000000000000000e+03
5.586000000000000000e+03
8.857000000000000000e+03
7.272000000000000000e+03
1.448000000000000000e+04
2.804000000000000000e+03
1.140500000000000000e+04
1.023000000000000000e+04
4.193000000000000000e+03
1.346500000000000000e+04
1.007600000000000000e+04
6.368000000000000000e+03
6.252000000000000000e+03
8.401000000000000000e+03
3.265000000000000000e+03
9.905000000000000000e+03
8.408000000000000000e+03
5.363000000000000000e+03
7.580000000000000000e+03
1.273400000000000000e+04
7.311000000000000000e+03
3.324400000000000000e+04
1.774100000000000000e+04
3.432000000000000000e+03
1.072100000000000000e+04
5.788000000000000000e+03
1.255100000000000000e+04
1.826300000000000000e+04
2.715000000000000000e+03
1.380100000000000000e+04
1.211700000000000000e+04
2.098000000000000000e+03
2.232500000000000000e+04
5.972000000000000000e+03
1.391300000000000000e+04
1.867000000000000000e+03
1.304500000000000000e+04
7.986000000000000000e+03
1.150800000000000000e+04
7.444000000000000000e+03
1.698300000000000000e+04
6.219000000000000000e+03
8.656000000000000000e+03
1.128300000000000000e+04
6.341000000000000000e+03
1.402100000000000000e+04
9.772000000000000000e+03
1.474700000000000000e+04
9.897000000000000000e+03
1.101100000000000000e+04
1.319400000000000000e+04
1.758700000000000000e+04
6.613000000000000000e+03
1.103300000000000000e+04
5.613000000000000000e+03
7.849000000000000000e+03
1.613200000000000000e+04
8.866000000000000000e+03
3.314000000000000000e+03
3.364000000000000000e+03
6.274000000000000000e+03
5.693000000000000000e+03
9.740000000000000000e+03
1.213600000000000000e+04
2.534900000000000000e+04
2.177700000000000000e+04
1.430700000000000000e+04
6.922000000000000000e+03
6.733000000000000000e+03
6.641000000000000000e+03
7.191000000000000000e+03
9.629000000000000000e+03
1.465100000000000000e+04
1.089200000000000000e+04
2.884900000000000000e+04
